reward,loss,epsilon,length
-17.630000000000003,14.084803453580601,0.9384592161744048,158
-18.290000000000006,165.11441098388872,0.869762679586888,152
-19.490000000000002,252.00257006558505,0.7663881439990762,253
-25.0,283.11585446822744,0.6790253741346843,242
-21.02,247.08768038479786,0.6271204422527937,159
-15.289999999999997,285.1485038811052,0.5841284219037255,142
-16.41,258.07842583060267,0.5392077067902467,160
-14.65000000000001,236.16552970752642,0.47417133223350294,257
-14.370000000000005,289.102830682482,0.4390219713136189,154
-14.809999999999988,247.78276361227034,0.4052602501536315,160
-26.219999999999967,75.39060785483754,0.3417183345314964,341
-13.270000000000007,67.65054503354159,0.31638744618611153,154
-17.200000000000014,66.3856328952411,0.28032153902722823,242
-11.580000000000002,64.61539605113326,0.24811858267035847,244
-26.579999999999977,53.52298826760933,0.21961505805077597,244
-11.080000000000005,40.59317127307812,0.20445714562620906,143
-10.510000000000003,56.271173098683356,0.1887339572874918,160
-15.500000000000014,59.29703378283288,0.1672196353277786,242
-19.210000000000022,55.5076886739801,0.1273883261229073,544
8.71,58.54206762581729,0.10197059258269163,445
-19.340000000000003,35.67381699905274,0.0942701722079296,157
-14.140000000000008,30.688481211662292,0.08758821448346239,147
-5.250000000000018,27.705687030280146,0.07702378847068873,257
-38.81999999999965,26.620199998815853,0.04226520899753419,1200
-11.82,24.320817972907573,0.03563832579629468,341
-3.8699999999999966,20.89666968335708,0.03316196610862569,144
-4.729999999999974,22.558455397482632,0.026598331192685454,441
0.9799999999999951,25.61426189754084,0.02231601510991787,351
25.729999999999997,24.010586271547293,0.015490288925508364,730
-2.4600000000000195,25.16310045465368,0.012957420903537258,357
-12.960000000000004,14.259870988566702,0.011457424026812137,246
4.689999999999953,12.63219496642637,0.009995187929535779,342
0.8099999999999614,12.099596858679593,0.009995187929535779,546
1.8299999999999592,11.642127591221502,0.009995187929535779,437
-5.350000000000022,14.410438444217046,0.009995187929535779,540
32.68999999999978,11.753559507965262,0.009995187929535779,918
-4.200000000000012,13.344871696005477,0.009995187929535779,141
27.95999999999991,9.945085181973198,0.009995187929535779,440
-6.980000000000003,14.419309066975211,0.009995187929535779,254
-10.310000000000004,12.506351430881073,0.009995187929535779,241
-23.73999999999998,11.10056110943286,0.009995187929535779,349
6.279999999999944,7.029848462762721,0.009995187929535779,341
4.619999999999994,6.855534585661062,0.009995187929535779,537
-29.439999999999973,6.484090923857527,0.009995187929535779,147
-8.400000000000002,5.281615267831383,0.009995187929535779,141
-9.81999999999999,6.390036954208553,0.009995187929535779,341
-12.940000000000005,7.397386651320063,0.009995187929535779,157
-12.240000000000009,5.119257510939179,0.009995187929535779,339
-11.600000000000016,6.142543132934305,0.009995187929535779,252
-14.779999999999987,7.152498170629248,0.009995187929535779,143
-22.849999999999987,7.622660313279201,0.009995187929535779,156
-7.7900000000000285,11.06284625857741,0.009995187929535779,455
-9.330000000000009,11.017668176300917,0.009995187929535779,158
-5.40999999999999,12.125078015774488,0.009995187929535779,160
-11.219999999999999,11.076688374363401,0.009995187929535779,159
11.819999999999936,10.450232301127743,0.009995187929535779,355
-7.320000000000006,9.166986050845692,0.009995187929535779,159
10.73000000000009,9.690379293025531,0.009995187929535779,1023
10.760000000000332,10.277847484001972,0.009995187929535779,2766
-20.510000000000012,9.956325702458264,0.009995187929535779,251
-9.300000000000027,9.81563650618885,0.009995187929535779,727
0.7599999999999376,7.424370779503476,0.009995187929535779,440
2.3899999999999704,7.41227295650429,0.009995187929535779,251
-8.100000000000001,7.892942194186204,0.009995187929535779,141
1.7799999999999816,7.763269745213,0.009995187929535779,634
-1.9000000000000234,7.630911422662498,0.009995187929535779,242
-15.600000000000003,6.74561894743155,0.009995187929535779,141
-9.000000000000004,7.871738911044499,0.009995187929535779,242
-8.82,8.279675089319547,0.009995187929535779,240
-10.900000000000002,6.976460071742958,0.009995187929535779,141
7.25999999999997,6.2822330564621,0.009995187929535779,248
-8.700000000000001,7.43625661287426,0.009995187929535779,242
16.27000000000071,6.163181579932479,0.009995187929535779,2433
41.94000000000015,5.549672520428103,0.009995187929535779,4101
34.069999999998274,5.149893413875091,0.009995187929535779,4398
-5.910000000000073,4.80122071195926,0.009995187929535779,1120
67.42999999999971,4.478517404297376,0.009995187929535779,3411
-13.479999999999995,4.617778604636427,0.009995187929535779,244
0.31999999999996476,3.881602185262879,0.009995187929535779,739
13.519999999999946,3.8513884734175057,0.009995187929535779,537
-7.610000000000012,5.253357538580895,0.009995187929535779,160
-0.040000000000043556,8.580417396923785,0.009995187929535779,339
14.060000000000183,7.213168254845163,0.009995187929535779,1471
-20.04000000000001,8.492052159658293,0.009995187929535779,1107
23.379999999999853,6.860603712250789,0.009995187929535779,1200
-5.420000000000001,7.666733346551744,0.009995187929535779,341
-7.100000000000001,5.47177244078183,0.009995187929535779,141
-1.400000000000011,7.4610441734721835,0.009995187929535779,242
-10.280000000000005,8.701863946614566,0.009995187929535779,143
9.479999999999968,8.090219004303433,0.009995187929535779,1382
-15.440000000000005,3.1197530256414954,0.009995187929535779,440
-8.109999999999989,3.8458948496729137,0.009995187929535779,160
-1.9799999999999383,3.84236379827978,0.009995187929535779,537
-0.3000000000000096,4.300638690714009,0.009995187929535779,242
-16.44000000000004,3.4128759417344225,0.009995187929535779,440
3.799999999999974,2.7426171147010545,0.009995187929535779,242
-8.000000000000004,3.4270249169843257,0.009995187929535779,242
29.05000000000006,3.7318048300726137,0.009995187929535779,2178
41.6799999999994,3.6506214444613145,0.009995187929535779,1382
16.260000000000094,3.28376287763769,0.009995187929535779,440
12.490000000000101,24.05656823989286,0.009995187929535779,554
-22.98999999999999,69.67657507956028,0.009995187929535779,152
-13.020000000000007,52.066884127239256,0.009995187929535779,149
-14.61000000000001,49.901989929676056,0.009995187929535779,150
-6.580000000000005,55.0871415971876,0.009995187929535779,143
-24.979999999999947,42.135790811210384,0.009995187929535779,244
-10.88,33.370807735236376,0.009995187929535779,143
-7.670000000000009,45.96842604267354,0.009995187929535779,245
-15.800000000000004,38.983802963879484,0.009995187929535779,242
-15.200000000000014,46.237873149804834,0.009995187929535779,242
-11.570000000000014,46.800518600613465,0.009995187929535779,255
-18.809999999999995,28.167063919703164,0.009995187929535779,150
-9.079999999999995,17.246353477864833,0.009995187929535779,143
-13.229999999999997,20.959940827376133,0.009995187929535779,148
-9.760000000000003,27.421455173338614,0.009995187929535779,155
11.319999999999972,22.918382792491613,0.009995187929535779,254
-19.659999999999993,24.554751303689233,0.009995187929535779,145
-12.960000000000004,23.692763219208555,0.009995187929535779,145
-9.880000000000006,17.844759894417717,0.009995187929535779,143
-19.580000000000002,19.119693868742214,0.009995187929535779,254
-14.170000000000003,15.574152514338493,0.009995187929535779,144
-1.9100000000000055,11.709981324672698,0.009995187929535779,150
-5.159999999999994,10.668671044810065,0.009995187929535779,145
-3.2200000000000024,11.474747532566122,0.009995187929535779,149
8.750000000000032,12.898709334825215,0.009995187929535779,247
-6.0699999999999985,10.109060618612501,0.009995187929535779,144
1.8399999999999839,10.897348686689284,0.009995187929535779,246
8.409999999999997,9.698936769991745,0.009995187929535779,243
-1.570000000000002,8.413916949182749,0.009995187929535779,144
-2.2500000000000044,9.84589796532423,0.009995187929535779,156
-4.839999999999996,6.598267690259583,0.009995187929535779,147
0.5699999999999861,7.0381714967457025,0.009995187929535779,148
3.2399999999999913,8.535428634746287,0.009995187929535779,246
3.1899999999999995,8.023043090128803,0.009995187929535779,251
0.7599999999999767,8.028862789513603,0.009995187929535779,248
-0.28000000000000824,9.463787546107818,0.009995187929535779,143
-8.57,8.209100902274058,0.009995187929535779,154
-4.409999999999998,9.27168461997062,0.009995187929535779,160
-4.160000000000002,7.114202639172154,0.009995187929535779,155
-6.2900000000000045,5.650321524198118,0.009995187929535779,152
-6.0099999999999945,7.261799791455269,0.009995187929535779,160
-10.43,7.5098776100455105,0.009995187929535779,148
-3.300000000000029,6.992216669700363,0.009995187929535779,242
2.1199999999999743,6.713513177445554,0.009995187929535779,254
-7.950000000000015,5.263545119418548,0.009995187929535779,156
0.44999999999997264,5.36177229104339,0.009995187929535779,257
-4.800000000000016,6.851277844063819,0.009995187929535779,252
1.1199999999999886,6.528009587234551,0.009995187929535779,143
-8.700000000000006,7.38974257225686,0.009995187929535779,141
6.340000000000032,6.2825807580093045,0.009995187929535779,357
-11.940000000000001,6.163428409164455,0.009995187929535779,147
-18.550000000000004,6.795609023648235,0.009995187929535779,247
-3.4799999999999898,5.213900701566176,0.009995187929535779,143
-5.330000000000002,4.32816599812862,0.009995187929535779,148
-9.399999999999995,7.083672096397703,0.009995187929535779,151
-4.210000000000008,7.05757684477297,0.009995187929535779,251
-9.910000000000005,7.543621091842652,0.009995187929535779,150
-9.200000000000006,6.348625625206145,0.009995187929535779,151
0.27999999999999403,6.5239724553823475,0.009995187929535779,250
-16.550000000000004,5.577016668824049,0.009995187929535779,156
-9.540000000000003,4.33013076425358,0.009995187929535779,157
-22.22999999999999,9.232390773824498,0.009995187929535779,158
-9.080000000000004,8.75225778142889,0.009995187929535779,143
-11.900000000000007,7.05003128367022,0.009995187929535779,242
-11.480000000000004,7.038477910148514,0.009995187929535779,143
-4.85999999999994,6.336081064936668,0.009995187929535779,842
35.539999999999615,7.183483809394361,0.009995187929535779,1014
21.780000000000264,6.1181863510012,0.009995187929535779,1918
1.899999999999979,7.186200715663019,0.009995187929535779,242
-17.85999999999993,6.059678251362148,0.009995187929535779,1742
-8.920000000000003,4.826180103065083,0.009995187929535779,159
127.61000000000055,5.291989038431332,0.009995187929535779,2518
2.40999999999997,5.612856346405639,0.009995187929535779,647
64.74999999999955,5.39811791973111,0.009995187929535779,1561
43.25999999999978,4.832569615223867,0.009995187929535779,1107
93.47999999999959,5.037502113970056,0.009995187929535779,3720
66.80999999999973,4.73341925916556,0.009995187929535779,2265
31.289999999999857,5.121756292351018,0.009995187929535779,1029
92.43999999999909,4.7304011407355615,0.009995187929535779,3797
54.76999999999936,4.8505293145270505,0.009995187929535779,1563
-8.21,7.279489870369434,0.009995187929535779,160
-3.939999999999995,11.416881273421206,0.009995187929535779,258
-11.830000000000005,10.972236490702327,0.009995187929535779,158
-23.95999999999999,10.408141591856557,0.009995187929535779,155
-15.770000000000007,8.167596753058808,0.009995187929535779,356
-9.540000000000022,9.073730385118676,0.009995187929535779,258
-18.840000000000003,10.29458577655683,0.009995187929535779,157
-9.60000000000002,9.723859597957844,0.009995187929535779,353
-3.0299999999999914,8.551768309990132,0.009995187929535779,552
-23.829999999999988,12.632948640026624,0.009995187929535779,158
-7.420000000000008,7.183501052219163,0.009995187929535779,159
-18.810000000000002,7.254390497878194,0.009995187929535779,160
211.46000000001243,5.36345679497224,0.009995187929535779,3566
94.40999999999974,4.982939336729832,0.009995187929535779,1830
73.97999999999966,5.318858325985785,0.009995187929535779,2009
-10.810000000000006,5.67371664958244,0.009995187929535779,352
127.7200000000013,4.6069071717522,0.009995187929535779,2529
185.81000000001092,4.640468258289729,0.009995187929535779,4250
-4.809999999999995,3.500043950788677,0.009995187929535779,160
-20.960000000000008,7.089718356625787,0.009995187929535779,145
-7.660000000000013,4.640689427615143,0.009995187929535779,256
-11.48,3.946673538560182,0.009995187929535779,153
1.2500000000000497,3.9708462763765007,0.009995187929535779,358
-1.6500000000000021,5.667245605344438,0.009995187929535779,257
-12.52,4.084309497906727,0.009995187929535779,159
-14.369999999999994,4.632436657300243,0.009995187929535779,154
-7.580000000000003,5.854497125723979,0.009995187929535779,143
-6.2099999999999955,3.494632507301867,0.009995187929535779,160
-0.3700000000000294,5.90762550894464,0.009995187929535779,356
-10.520000000000005,4.189805858352649,0.009995187929535779,159
-25.07999999999999,17.538939191744877,0.009995187929535779,143
-8.74,16.36261396181016,0.009995187929535779,147
-4.16,17.342191247282358,0.009995187929535779,145
-7.890000000000002,18.036070655221526,0.009995187929535779,253
-9.279999999999998,17.088461257361033,0.009995187929535779,143
-7.210000000000009,12.325011595338584,0.009995187929535779,160
-13.040000000000006,15.319220677525008,0.009995187929535779,147
-14.470000000000002,21.660161029133533,0.009995187929535779,144
-13.03,13.807219495644441,0.009995187929535779,148
-6.090000000000001,12.962519139051437,0.009995187929535779,152
-10.409999999999998,11.033512105792761,0.009995187929535779,160
-19.420000000000016,8.683602882256299,0.009995187929535779,159
-0.9000000000000252,5.901948587460951,0.009995187929535779,242
21.979999999999958,6.067039775358967,0.009995187929535779,341
-23.37999999999998,5.815206768212619,0.009995187929535779,143
-24.000000000000014,6.101771722659997,0.009995187929535779,141
-19.700000000000014,5.810592950498762,0.009995187929535779,242
-25.50000000000001,6.921240718652171,0.009995187929535779,141
-24.000000000000014,8.07032827113537,0.009995187929535779,141
-21.180000000000014,5.594363313871664,0.009995187929535779,143
-11.800000000000004,3.815782498911763,0.009995187929535779,141
-12.099999999999998,7.986884189201585,0.009995187929535779,141
-20.780000000000012,5.9263604389620825,0.009995187929535779,143
-4.080000000000009,6.330004464496266,0.009995187929535779,143
-12.180000000000007,6.9887768255247105,0.009995187929535779,143
0.7999999999999723,6.712013042416454,0.009995187929535779,242
-10.780000000000008,6.4021285616017725,0.009995187929535779,143
-17.180000000000003,7.833126578297648,0.009995187929535779,143
-13.779999999999996,4.942191913202926,0.009995187929535779,143
-12.180000000000007,6.9140857237202304,0.009995187929535779,143
-25.379999999999995,7.6908651552833875,0.009995187929535779,143
-19.47999999999999,6.686173467369346,0.009995187929535779,143
-9.3,6.031403621366201,0.009995187929535779,242
-13.900000000000011,6.833783409812233,0.009995187929535779,242
-16.199999999999996,9.421260384139636,0.009995187929535779,151
-13.380000000000004,5.449195735312842,0.009995187929535779,143
-18.080000000000005,8.4466861674002,0.009995187929535779,143
-15.379999999999995,5.375609694660961,0.009995187929535779,143
0.6299999999999866,6.118239767697393,0.009995187929535779,245
-3.0599999999999925,9.095503001632196,0.009995187929535779,347
-20.47999999999999,6.263426777574566,0.009995187929535779,143
-14.520000000000008,6.1283705472546135,0.009995187929535779,149
-13.870000000000001,5.958784320288235,0.009995187929535779,144
-16.800000000000004,5.227635833473245,0.009995187929535779,242
-23.329999999999984,4.95071767411522,0.009995187929535779,148
-9.680000000000001,6.520370743908249,0.009995187929535779,143
-18.989999999999995,6.196893700851282,0.009995187929535779,253
-11.240000000000004,5.982026404466759,0.009995187929535779,147
-17.97000000000001,3.8312675783203707,0.009995187929535779,144
-14.830000000000005,5.303922285502021,0.009995187929535779,148
-26.229999999999997,3.644446364120592,0.009995187929535779,158
-0.95000000000001,2.256310873719273,0.009995187929535779,257
-11.520000000000017,3.35838689614947,0.009995187929535779,260
2.1399999999999455,2.933459080036438,0.009995187929535779,549
-13.43,2.2669160876955305,0.009995187929535779,259
-8.499999999999991,1.8869311614996858,0.009995187929535779,252
-17.559999999999995,4.076542998696196,0.009995187929535779,145
-14.379999999999992,2.426698654462568,0.009995187929535779,244
-8.840000000000014,2.543711747373304,0.009995187929535779,248
8.080000000000002,2.893786460215101,0.009995187929535779,553
-17.500000000000004,2.3159014864867884,0.009995187929535779,151
-10.759999999999994,2.310212605700987,0.009995187929535779,246
8.179999999999964,2.443175384544034,0.009995187929535779,452
-14.480000000000004,1.9652700906290728,0.009995187929535779,153
-20.74999999999999,2.310735068260095,0.009995187929535779,156
7.119999999999994,2.490467917541383,0.009995187929535779,355
-9.810000000000018,2.7681263298059404,0.009995187929535779,453
-7.4800000000000075,2.321706096047726,0.009995187929535779,254
-1.0199999999999978,1.9235509377230637,0.009995187929535779,159
-14.970000000000002,2.02592653703767,0.009995187929535779,154
-4.230000000000008,1.928853709109222,0.009995187929535779,158
22.15999999999999,2.351495638819812,0.009995187929535779,632
-4.2000000000000055,1.911415775822214,0.009995187929535779,242
-11.180000000000007,1.9829406113578723,0.009995187929535779,143
-3.0200000000000244,2.296364856080925,0.009995187929535779,341
-6.400000000000006,1.9762813790031701,0.009995187929535779,242
24.11999999999987,2.1773751085585946,0.009995187929535779,537
-8.580000000000009,2.7961314328900584,0.009995187929535779,143
5.179999999999964,1.8290738649994047,0.009995187929535779,341
-11.38,2.186125605959784,0.009995187929535779,143
-5.6200000000000045,1.941649706577355,0.009995187929535779,159
55.879999999999725,2.022549273110645,0.009995187929535779,927
40.61999999999982,1.7416457312677605,0.009995187929535779,537
-1.8699999999999868,1.893801271068115,0.009995187929535779,255
-9.510000000000007,2.18051654570736,0.009995187929535779,160
22.129999999999974,2.0875208313587343,0.009995187929535779,356
7.459999999999962,1.881593568900297,0.009995187929535779,258
-0.10000000000001741,1.9330410560485252,0.009995187929535779,242
-1.5400000000000045,1.6923999047013605,0.009995187929535779,157
-13.78,2.685800191249464,0.009995187929535779,143
12.819999999999983,2.064395803339045,0.009995187929535779,355
-3.840000000000008,1.6759765978878851,0.009995187929535779,157
-0.08000000000000895,1.6555516069065632,0.009995187929535779,254
-10.469999999999999,1.573913990773938,0.009995187929535779,154
-15.619999999999997,1.8525544817811288,0.009995187929535779,159
1.289999999999985,1.7655285863081613,0.009995187929535779,150
-13.32999999999999,1.5681081462696373,0.009995187929535779,249
-20.18,1.2103044677848422,0.009995187929535779,254
-18.49000000000001,1.4689475254302746,0.009995187929535779,152
-8.159999999999993,1.7905600166128528,0.009995187929535779,155
-11.880000000000004,1.8458859528981002,0.009995187929535779,153
-10.0,2.168605294052168,0.009995187929535779,141
10.959999999999969,2.7309353513351935,0.009995187929535779,339
4.499999999999979,2.227705476020486,0.009995187929535779,242
-13.750000000000012,2.3949333628211966,0.009995187929535779,257
-1.4000000000000288,1.9385866473528965,0.009995187929535779,242
-14.610000000000005,2.420707049500197,0.009995187929535779,160
-17.779999999999994,2.1064366576346485,0.009995187929535779,143
-9.70000000000001,1.9182703297369736,0.009995187929535779,242
-8.520000000000003,2.3384590714883347,0.009995187929535779,260
0.6999999999999602,1.9624792390372143,0.009995187929535779,242
39.91999999999977,1.6134389696063498,0.009995187929535779,537
-14.300000000000004,1.6980112134247807,0.009995187929535779,141
1.900000000000034,1.753393885425546,0.009995187929535779,242
-11.800000000000006,1.1786668256242225,0.009995187929535779,141
11.929999999999957,1.7052757625363648,0.009995187929535779,437
8.20000000000002,1.8642275590788235,0.009995187929535779,242
-15.199999999999996,1.3011357375281922,0.009995187929535779,141
-13.180000000000001,1.6821011374671977,0.009995187929535779,143
-12.780000000000001,1.6599068414498042,0.009995187929535779,143
-4.240000000000007,1.6663660357237622,0.009995187929535779,157
-10.830000000000005,1.9124692414373043,0.009995187929535779,259
-12.899999999999993,2.7773258336258273,0.009995187929535779,141
2.7499999999999964,2.1692830481748473,0.009995187929535779,348
6.579999999999959,1.883585013387104,0.009995187929535779,240
-0.23000000000000576,1.781000393641043,0.009995187929535779,249
-14.099999999999998,1.901799903693774,0.009995187929535779,141
4.399999999999947,1.993414582483269,0.009995187929535779,444
10.359999999999957,1.8023892187101895,0.009995187929535779,258
-10.009999999999996,1.6768796734015148,0.009995187929535779,150
-5.140000000000013,2.1780680858880093,0.009995187929535779,157
7.560000000000006,1.7734001161733912,0.009995187929535779,339
-6.379999999999997,1.6382111944518722,0.009995187929535779,143
-3.800000000000015,1.8803102640395468,0.009995187929535779,141
-1.0600000000000094,1.9771936473346525,0.009995187929535779,155
-5.300000000000006,1.7635794112868344,0.009995187929535779,141
-12.6,1.831863891518285,0.009995187929535779,141
-6.280000000000003,1.703407245447169,0.009995187929535779,143
-3.0200000000000227,2.059965954379489,0.009995187929535779,240
-4.200000000000015,1.8906858528019688,0.009995187929535779,141
6.270000000000014,2.175467435435119,0.009995187929535779,249
-7.230000000000001,4.095464679353599,0.009995187929535779,158
-6.950000000000001,4.515227930094952,0.009995187929535779,156
-4.0000000000000195,5.381185784812801,0.009995187929535779,242
-9.8,5.82811882303766,0.009995187929535779,242
-11.979999999999999,4.81859032934779,0.009995187929535779,143
22.51999999999999,5.474143405853395,0.009995187929535779,456
2.199999999999976,5.846675865906329,0.009995187929535779,242
2.09999999999998,5.798876866204849,0.009995187929535779,151
-3.070000000000011,4.870952098572827,0.009995187929535779,437
3.1099999999999657,3.268794711602568,0.009995187929535779,243
15.599999999999959,1.7614240087876636,0.009995187929535779,242
-15.510000000000003,2.0857165295382343,0.009995187929535779,150
-9.690000000000001,2.771460592117108,0.009995187929535779,142
0.7999999999999794,1.4784835034227075,0.009995187929535779,242
1.369999999999985,1.9762256389131416,0.009995187929535779,148
24.569999999999993,1.8739308737505591,0.009995187929535779,441
-2.7000000000000135,3.0393843042089586,0.009995187929535779,141
18.779999999999873,1.6849334924932449,0.009995187929535779,341
-1.2800000000000225,1.4382985960040893,0.009995187929535779,143
-2.9000000000000252,1.8883514579323943,0.009995187929535779,242
1.8699999999999761,1.4580168376126574,0.009995187929535779,259
-5.400000000000002,2.243152930170086,0.009995187929535779,141
9.29999999999994,1.365811481394551,0.009995187929535779,242
-7.4300000000000015,1.4474613054926637,0.009995187929535779,158
4.239999999999972,1.6588631294908063,0.009995187929535779,155
9.27999999999997,1.6684280524024866,0.009995187929535779,341
-5.679999999999998,1.570472473500075,0.009995187929535779,143
-9.139999999999997,1.4289520916285787,0.009995187929535779,157
-9.780000000000005,1.4381422052433441,0.009995187929535779,143
0.05999999999999339,1.961155950617628,0.009995187929535779,147
-12.080000000000002,1.662534960812622,0.009995187929535779,143
-3.600000000000014,1.7141159918714077,0.009995187929535779,141
-3.380000000000013,1.8911404808188652,0.009995187929535779,143
-1.3200000000000074,1.6039186666409175,0.009995187929535779,159
-0.9800000000000217,1.6182528790477273,0.009995187929535779,143
-1.680000000000021,1.7365535181927514,0.009995187929535779,143
9.079999999999945,1.6219330261150995,0.009995187929535779,240
8.779999999999937,1.3535044842089217,0.009995187929535779,240
-2.6800000000000193,1.8488674264896166,0.009995187929535779,143
-8.530000000000003,4.05527586702116,0.009995187929535779,158
-30.559999999999974,9.013328668487265,0.009995187929535779,246
-15.580000000000005,9.16333979524039,0.009995187929535779,153
-11.379999999999999,7.248187267071717,0.009995187929535779,143
-13.790000000000004,6.897532852660668,0.009995187929535779,152
-18.290000000000006,7.337279961297386,0.009995187929535779,152
-18.180000000000007,6.323608471385015,0.009995187929535779,153
-14.690000000000001,6.043450254750879,0.009995187929535779,152
-14.790000000000006,8.421076206196295,0.009995187929535779,152
-7.180000000000009,7.198369066490502,0.009995187929535779,244
-14.099999999999994,4.426735728086273,0.009995187929535779,242
-23.539999999999974,2.7285779596037334,0.009995187929535779,450
-5.900000000000006,2.2898011290706877,0.009995187929535779,242
-13.999999999999991,2.4856254111452043,0.009995187929535779,242
-6.479999999999999,2.200647162845711,0.009995187929535779,153
-15.72,2.6857508572767363,0.009995187929535779,159
-24.389999999999986,2.1129284946216367,0.009995187929535779,354
-7.860000000000003,2.514388914091316,0.009995187929535779,246
-9.690000000000003,2.575199082524443,0.009995187929535779,243
-13.18000000000001,2.230116772484946,0.009995187929535779,143
4.759999999999927,1.7817834876148047,0.009995187929535779,339
88.27999999999946,1.583368375947078,0.009995187929535779,1200
41.70999999999974,1.477550239315173,0.009995187929535779,647
6.309999999999988,1.4749254440773005,0.009995187929535779,354
46.699999999999754,1.753658916828209,0.009995187929535779,828
78.07999999999963,1.5841596863096425,0.009995187929535779,1382
6.779999999999955,1.481963211864233,0.009995187929535779,250
-1.9800000000000004,1.3455027047987584,0.009995187929535779,143
50.42999999999967,1.3537755010917845,0.009995187929535779,1215
-6.7100000000000035,1.4070179659407587,0.009995187929535779,160
-8.399999999999997,3.44427405039141,0.009995187929535779,242
-23.240000000000002,3.3601976429769236,0.009995187929535779,258
-9.879999999999987,3.5935942974540738,0.009995187929535779,143
-2.8799999999999972,2.383143604114339,0.009995187929535779,143
0.09999999999998899,2.981792193276203,0.009995187929535779,151
-0.7700000000000173,3.272167217530561,0.009995187929535779,356
-4.999999999999994,2.3386930181098378,0.009995187929535779,242
-6.580000000000004,2.619512808281225,0.009995187929535779,143
-7.210000000000004,2.597660001181066,0.009995187929535779,160
1.209999999999983,2.7622337827557013,0.009995187929535779,152
5.859999999999964,4.212579076146257,0.009995187929535779,551
-9.570000000000007,5.590275983918797,0.009995187929535779,154
-8.570000000000007,5.975045110885199,0.009995187929535779,154
-2.949999999999995,4.820321646638406,0.009995187929535779,156
-5.460000000000003,5.065494038981776,0.009995187929535779,155
-5.4299999999999775,5.305433557629585,0.009995187929535779,350
-6.060000000000005,5.117291930414015,0.009995187929535779,155
-17.78,5.96902256016131,0.009995187929535779,143
-2.8400000000000007,4.39362033024715,0.009995187929535779,157
-15.949999999999992,5.659326950709025,0.009995187929535779,156
-16.809999999999995,4.752318931091577,0.009995187929535779,160
-12.780000000000001,7.202397311900879,0.009995187929535779,143
-4.139999999999992,6.362556195988947,0.009995187929535779,147
-7.110000000000004,4.723902497533709,0.009995187929535779,160
18.51999999999996,6.3329128844444975,0.009995187929535779,537
-1.2199999999999989,7.131082657560612,0.009995187929535779,159
-0.17000000000003546,6.447915334212646,0.009995187929535779,356
-2.440000000000003,5.323997127212537,0.009995187929535779,157
-6.41,4.526881519146263,0.009995187929535779,160
-4.72,7.750742278695107,0.009995187929535779,250
5.599999999999961,4.890335780745449,0.009995187929535779,242
9.169999999999966,2.734053528101748,0.009995187929535779,259
0.24999999999998757,3.9645380590779657,0.009995187929535779,156
0.959999999999992,4.291107335005158,0.009995187929535779,258
-0.040000000000009805,3.6629402672713116,0.009995187929535779,258
-5.500000000000005,2.946775805057278,0.009995187929535779,252
-2.520000000000006,3.443495497013788,0.009995187929535779,159
18.459999999999944,3.907761985436082,0.009995187929535779,440
-11.729999999999995,3.4574460728978558,0.009995187929535779,259
1.8799999999999635,2.8314862354968984,0.009995187929535779,240
-16.880000000000003,2.9155600927509626,0.009995187929535779,143
-14.739999999999998,2.9241196685867714,0.009995187929535779,258
0.3199999999999914,2.2672388057087685,0.009995187929535779,143
1.3799999999999741,3.1577869205355995,0.009995187929535779,341
-0.8100000000000005,3.1268071766989802,0.009995187929535779,1029
-2.2399999999999984,2.771312811619537,0.009995187929535779,157
-11.050000000000008,3.0316624014113827,0.009995187929535779,348
-1.21999999999999,2.751414338339808,0.009995187929535779,341
-5.279999999999996,3.3001158633432186,0.009995187929535779,143
-1.949999999999994,2.135240037657627,0.009995187929535779,146
3.1199999999999832,4.291821428742565,0.009995187929535779,244
2.3799999999999564,2.7905384453013538,0.009995187929535779,240
-5.380000000000006,3.086820592100804,0.009995187929535779,143
-3.450000000000001,4.830642980561681,0.009995187929535779,146
-0.5400000000000027,3.985803801186231,0.009995187929535779,147
0.23999999999998778,2.7743869696894,0.009995187929535779,155
-1.5300000000000065,3.336987001326265,0.009995187929535779,158
-3.939999999999997,4.65141458403902,0.009995187929535779,147
18.539999999999964,3.1928844104889094,0.009995187929535779,549
-9.690000000000008,2.657175688171073,0.009995187929535779,152
-18.620000000000008,2.0616747905965895,0.009995187929535779,240
104.75999999999986,1.6420190718159944,0.009995187929535779,1380
23.599999999999923,1.4693049907753957,0.009995187929535779,535
128.42000000000078,1.658435325868729,0.009995187929535779,2003
5.199999999999962,1.746227022999328,0.009995187929535779,242
-6.479999999999995,1.2246658725182076,0.009995187929535779,143
24.4599999999999,1.6158419505060573,0.009995187929535779,349
-2.1000000000000174,1.7166902605734817,0.009995187929535779,141
108.68000000000029,1.3863008574807718,0.009995187929535779,1382
6.960000000000068,1.5168693079929085,0.009995187929535779,339
-0.8400000000000105,3.5726331111257243,0.009995187929535779,157
-27.349999999999984,11.206056056496424,0.009995187929535779,156
-10.329999999999998,9.562080805301667,0.009995187929535779,350
-18.579999999999995,9.44440146535635,0.009995187929535779,244
-21.169999999999995,9.100259307817536,0.009995187929535779,245
-8.49,8.100475726058944,0.009995187929535779,243
-4.079999999999998,8.526465716895524,0.009995187929535779,143
-23.039999999999996,8.983626135555255,0.009995187929535779,147
-23.08999999999999,9.169592391832072,0.009995187929535779,253
-6.769999999999997,7.56038062274456,0.009995187929535779,144
-15.490000000000007,5.9426974609592245,0.009995187929535779,152
12.299999999999944,4.118590486874758,0.009995187929535779,242
-1.0199999999999978,4.011314382390031,0.009995187929535779,159
76.68000000000005,3.521466447212131,0.009995187929535779,1291
132.74000000000228,4.044745285757022,0.009995187929535779,2349
65.37999999999964,3.6871738903495714,0.009995187929535779,1291
93.34999999999947,3.8987607154858996,0.009995187929535779,2188
115.65000000000012,3.8194998761187704,0.009995187929535779,2431
-0.14000000000000057,4.189788755723262,0.009995187929535779,349
38.80999999999961,4.030445248674115,0.009995187929535779,920
-37.67999999999994,2.9176850974611885,0.009995187929535779,143
-4.0399999999999965,3.347518884642109,0.009995187929535779,157
-12.079999999999997,3.034095572945955,0.009995187929535779,143
10.280000000000047,3.0049246600513007,0.009995187929535779,442
20.280000000000054,3.003635799891539,0.009995187929535779,442
-15.28000000000001,3.5388327605657643,0.009995187929535779,143
-12.280000000000005,3.5857412825514388,0.009995187929535779,143
-10.909999999999993,2.851245738938451,0.009995187929535779,160
13.619999999999997,2.771318245366965,0.009995187929535779,537
15.570000000000014,3.256515499314213,0.009995187929535779,441
-5.7100000000000035,2.1399842662969606,0.009995187929535779,160
10.420000000000027,1.8017971800243269,0.009995187929535779,244
183.80000000000575,1.873794950538914,0.009995187929535779,2517
409.430000000024,1.7994098685341324,0.009995187929535779,4617
185.37000000000575,1.725673409207242,0.009995187929535779,2362
164.9000000000042,1.6596274727366391,0.009995187929535779,2264
33.57999999999989,1.3766249879170713,0.009995187929535779,553
35.73999999999982,1.9132645265796246,0.009995187929535779,741
239.07000000001167,1.6521060839256145,0.009995187929535779,2848
365.8500000000202,1.584371974269262,0.009995187929535779,4325
4.2399999999999665,1.4840703243363638,0.009995187929535779,357
23.34999999999996,1.5013435707536822,0.009995187929535779,358
54.0599999999998,1.3329638155542691,0.009995187929535779,632
-3.2800000000000153,1.6473876274340635,0.009995187929535779,143
-1.000000000000023,1.0603231269047193,0.009995187929535779,141
27.0299999999999,1.250345304028666,0.009995187929535779,437
-2.200000000000017,0.916007186741905,0.009995187929535779,141
11.199999999999978,1.121892573173381,0.009995187929535779,242
10.179999999999943,1.4325363722629845,0.009995187929535779,240
-0.10000000000002629,1.3727457072876446,0.009995187929535779,141
9.679999999999989,0.9938908968335733,0.009995187929535779,260
-7.820000000000002,1.2317599536074946,0.009995187929535779,240
4.269999999999973,0.8249538065747747,0.009995187929535779,158
4.869999999999971,0.6070336966386324,0.009995187929535779,158
2.9799999999999773,1.3359447687208277,0.009995187929535779,159
-2.6299999999999892,0.9724473389266413,0.009995187929535779,158
3.0899999999999803,1.019827879499644,0.009995187929535779,160
1.9599999999999795,1.1956149654071422,0.009995187929535779,157
3.759999999999975,0.9615311708514858,0.009995187929535779,157
2.869999999999976,0.9392639120828502,0.009995187929535779,158
12.03999999999995,1.0607887048317934,0.009995187929535779,256
6.739999999999959,1.893095309176715,0.009995187929535779,256
21.09000000000002,1.638407714319545,0.009995187929535779,453
1.5499999999999847,1.7878361754119396,0.009995187929535779,156
0.5399999999999867,1.1408815967219492,0.009995187929535779,155
-1.2500000000000018,1.013497484035981,0.009995187929535779,156
0.5799999999999876,1.3939450165760592,0.009995187929535779,159
-1.2200000000000077,1.6656702398878973,0.009995187929535779,159
-4.089999999999997,1.9220842847674242,0.009995187929535779,354
-3.6299999999999866,1.7933169199224515,0.009995187929535779,158
1.5799999999999805,1.384928122069101,0.009995187929535779,159
53.899999999999466,1.339715450247758,0.009995187929535779,1121
-1.2100000000000044,1.7344999845139681,0.009995187929535779,160
4.89999999999997,1.3730149374397334,0.009995187929535779,242
21.130000000000095,1.050062844025542,0.009995187929535779,447
8.459999999999972,1.080829424335975,0.009995187929535779,258
303.0500000000158,1.1710254252268166,0.009995187929535779,3950
67.64999999999998,1.0976174395739933,0.009995187929535779,1197
86.27999999999966,1.1323926050619533,0.009995187929535779,1200
45.37999999999967,1.1139189440592512,0.009995187929535779,634
141.66000000000162,1.0517261625891263,0.009995187929535779,1653
537.0200000000365,1.2294920622251395,0.009995187929535779,5600
219.8000000000099,1.2538166296878148,0.009995187929535779,2517
11.069999999999954,1.3400928415507676,0.009995187929535779,249
298.550000000016,1.1305626358748655,0.009995187929535779,3251
133.77000000000103,1.14605451037515,0.009995187929535779,1563
153.6600000000034,1.2503538867712238,0.009995187929535779,1653
371.8000000000209,1.0779163062026282,0.009995187929535779,3874
271.8700000000125,1.075960618932654,0.009995187929535779,3010
72.34999999999997,1.418161811430717,0.009995187929535779,934
62.95999999999981,0.9140656650471883,0.009995187929535779,1107
10.82999999999998,0.8106257385921245,0.009995187929535779,255
405.88000000002415,0.8013948924684277,0.009995187929535779,4176
71.36999999999979,0.7063993333438129,0.009995187929535779,825
356.2800000000202,0.6925063117837874,0.009995187929535779,3720
59.369999999999735,0.7836700672949806,0.009995187929535779,825
20.619999999999926,0.7064097023266777,0.009995187929535779,456
155.78000000000335,0.826791986822068,0.009995187929535779,1837
165.31000000000358,0.6806608424025952,0.009995187929535779,1840
141.58000000000217,0.6735518265045163,0.009995187929535779,1473
12.599999999999959,1.0679488478051422,0.009995187929535779,242
207.38000000000955,0.8002638722041456,0.009995187929535779,2525
15.01000000000004,0.82875786521629,0.009995187929535779,445
19.059999999999953,0.8474746904166585,0.009995187929535779,440
-1.9199999999999928,0.7794988978752467,0.009995187929535779,341
469.07000000003063,0.8523755463366848,0.009995187929535779,5047
131.01000000000155,0.8153531979050324,0.009995187929535779,1567
201.14000000000766,0.8664604124425573,0.009995187929535779,2349
386.3500000000221,0.7927709622588875,0.009995187929535779,4619
9.400000000000023,0.7589296578828778,0.009995187929535779,252
-3.610000000000003,1.0725401404080912,0.009995187929535779,160
159.460000000004,1.477916301851008,0.009995187929535779,2766
193.45000000000806,1.4355842824231368,0.009995187929535779,3261
23.60999999999992,1.0779305146495393,0.009995187929535779,546
-4.369999999999991,1.290925808199164,0.009995187929535779,144
17.59000000000001,1.5043362354669045,0.009995187929535779,635
27.37999999999989,1.4723691613592715,0.009995187929535779,644
111.02999999999982,1.3591770855502159,0.009995187929535779,1569
78.96999999999979,1.543437708305077,0.009995187929535779,1563
49.089999999999755,1.2155880265716656,0.009995187929535779,928
178.6000000000057,0.854389745024893,0.009995187929535779,2092
222.67000000000945,0.7972093748760919,0.009995187929535779,2433
140.54000000000212,0.7638759827423075,0.009995187929535779,1742
20.579999999999963,0.7630392911344155,0.009995187929535779,341
109.29999999999968,0.786401686641083,0.009995187929535779,1293
19.519999999999982,0.7586859880358646,0.009995187929535779,537
351.5800000000203,0.8586093110034884,0.009995187929535779,3720
305.88000000001813,0.8559519167394429,0.009995187929535779,3487
20.779999999999934,0.7507616916283572,0.009995187929535779,341
109.87999999999958,0.6864187518079887,0.009995187929535779,1291
169.6100000000082,0.9244866828138445,0.009995187929535779,2447
67.15999999999963,2.108993893526427,0.009995187929535779,1653
56.179999999999666,2.1126469526895186,0.009995187929535779,1301
2.6999999999999744,2.417031828190916,0.009995187929535779,242
-6.28000000000001,1.9849741155659402,0.009995187929535779,143
0.019999999999992468,2.8257184907585593,0.009995187929535779,143
6.180000000000064,2.3970494712908974,0.009995187929535779,452
11.299999999999962,1.8571781746365807,0.009995187929535779,242
0.5999999999999854,1.2913846804183864,0.009995187929535779,252
43.66999999999968,1.8654772960778438,0.009995187929535779,825
266.3400000000204,1.059869169476129,0.009995187929535779,4760
-16.780000000000005,2.36678191206672,0.009995187929535779,143
-112.9400000000018,2.5515373874800322,0.009995187929535779,2270
-78.7599999999999,2.3410568855795777,0.009995187929535779,2005
-27.569999999999983,2.1758379104075494,0.009995187929535779,154
-13.08000000000001,2.6324388547377153,0.009995187929535779,143
-8.27000000000001,2.2496440533293436,0.009995187929535779,730
-19.31999999999999,2.5321633451258276,0.009995187929535779,1291
0.48000000000000576,2.6941857727674337,0.009995187929535779,260
-15.480000000000004,2.469992484099594,0.009995187929535779,537
64.31999999999965,1.2962786288069181,0.009995187929535779,1386
10.19999999999997,1.071344719168322,0.009995187929535779,242
-30.74999999999997,1.333164299340689,0.009995187929535779,146
21.330000000000027,1.0472425649937702,0.009995187929535779,730
15.989999999999895,0.9605738396205665,0.009995187929535779,827
27.889999999999823,1.3776347687309103,0.009995187929535779,645
4.779999999999971,0.685311162949733,0.009995187929535779,159
31.979999999999848,0.8913153555260691,0.009995187929535779,452
-0.7299999999999933,0.7462256181324962,0.009995187929535779,158
12.559999999999967,1.0524656373096837,0.009995187929535779,450
13.580000000000044,0.7962376794072161,0.009995187929535779,553
7.8699999999999655,1.5822329276086742,0.009995187929535779,259
16.65999999999995,1.5397741567597472,0.009995187929535779,440
141.44000000000187,1.250493074065432,0.009995187929535779,2005
3.3299999999999823,1.243136463477538,0.009995187929535779,356
-17.550000000000004,1.1893279619085102,0.009995187929535779,156
34.52999999999989,1.4347238967118605,0.009995187929535779,730
30.979999999999727,1.1119220401821452,0.009995187929535779,634
7.199999999999971,1.334883891246166,0.009995187929535779,242
39.939999999999664,1.1970931118027228,0.009995187929535779,1014
34.31999999999976,2.7109616184537124,0.009995187929535779,931
-42.1499999999999,44.50820936581504,0.009995187929535779,257
-24.589999999999996,41.55205995471854,0.009995187929535779,152
-4.570000000000009,64.12876547015443,0.009995187929535779,245
-36.91999999999991,44.01347622346878,0.009995187929535779,250
-21.22,46.778969178676604,0.009995187929535779,250
-19.970000000000006,42.21085174207563,0.009995187929535779,154
-32.48999999999996,45.065929966537574,0.009995187929535779,152
-9.580000000000005,34.17273921983225,0.009995187929535779,143
-32.469999999999956,35.661887880828644,0.009995187929535779,144
-25.419999999999995,33.81924953858058,0.009995187929535779,240
4.080000000000005,15.264914420132454,0.009995187929535779,260
0.39999999999997193,13.055792087781514,0.009995187929535779,141
24.759999999999877,16.77207122369502,0.009995187929535779,339
0.2999999999999723,16.49989478934741,0.009995187929535779,141
22.72999999999989,13.417840077211437,0.009995187929535779,437
-0.22000000000000064,10.990545429148764,0.009995187929535779,159
0.2999999999999723,12.71093589109732,0.009995187929535779,141
0.19999999999997264,10.711548316986002,0.009995187929535779,141
-0.5000000000000249,13.485887112135583,0.009995187929535779,141
-1.2000000000000206,8.013658809746412,0.009995187929535779,141
-2.6645352591003757e-14,5.021359083711678,0.009995187929535779,141
0.19999999999997264,6.817197596773188,0.009995187929535779,141
-0.10000000000002451,7.9901075511113975,0.009995187929535779,141
-7.3900000000000166,5.596610550915725,0.009995187929535779,152
0.19999999999997264,8.262937846335959,0.009995187929535779,141
-0.7000000000000242,11.031053604175012,0.009995187929535779,141
6.559999999999931,8.887150248155482,0.009995187929535779,339
-0.9000000000000217,7.061312832308154,0.009995187929535779,141
6.699999999999953,7.305244541118953,0.009995187929535779,242
-0.3000000000000256,5.043522652582074,0.009995187929535779,141
-2.8200000000000145,6.186570768430829,0.009995187929535779,240
-0.6000000000000227,4.909952757417733,0.009995187929535779,141
0.2999999999999723,5.894746091348905,0.009995187929535779,141
-0.20000000000002416,5.068831437234337,0.009995187929535779,141
-0.20000000000002416,5.959971152087475,0.009995187929535779,141
-0.10000000000002629,5.335782454157552,0.009995187929535779,141
-0.5000000000000249,3.1892605334097612,0.009995187929535779,141
0.2999999999999723,3.039324755258594,0.009995187929535779,141
0.39999999999997193,3.016093004257121,0.009995187929535779,141
-2.6400000000000325,3.4118767235439083,0.009995187929535779,339
-2.0000000000000195,2.256095975373231,0.009995187929535779,141
0.19999999999997264,2.213919016486364,0.009995187929535779,141
4.579999999999952,1.686432177387178,0.009995187929535779,240
-0.10000000000002629,1.8923386705259906,0.009995187929535779,141
5.64999999999997,2.7569298019202857,0.009995187929535779,156
-9.520000000000003,2.2787056132233388,0.009995187929535779,341
0.6699999999999875,1.877101270835611,0.009995187929535779,158
-0.3500000000000103,2.743865429208829,0.009995187929535779,156
-6.309999999999997,2.834768572403118,0.009995187929535779,160
-21.27999999999998,2.516925398084357,0.009995187929535779,254
-17.18,1.968585926544416,0.009995187929535779,143
-14.639999999999993,2.1581005980110457,0.009995187929535779,248
-0.6800000000000068,1.7438332522353093,0.009995187929535779,143
-6.19,1.8543430673644732,0.009995187929535779,152
2.8399999999999803,1.7953001994511177,0.009995187929535779,145
-21.09999999999999,1.8137836385487525,0.009995187929535779,242
-28.779999999999976,2.5189424235816604,0.009995187929535779,143
0.5599999999999881,1.9410880461943394,0.009995187929535779,147
11.069999999999968,1.8312375683581967,0.009995187929535779,259
-5.639999999999992,2.8259395249078056,0.009995187929535779,339
18.72999999999991,2.412548440868713,0.009995187929535779,437
1.7699999999999854,2.75044769600411,0.009995187929535779,158
-1.4000000000000217,1.6938562130568722,0.009995187929535779,141
-2.4000000000000163,2.717735896085171,0.009995187929535779,141
6.479999999999947,1.4627481433873375,0.009995187929535779,240
-1.7000000000000188,2.2619709670015262,0.009995187929535779,141
-0.3000000000000238,2.7008395675860397,0.009995187929535779,141
-10.469999999999995,2.4436408508982925,0.009995187929535779,144
-0.10000000000002629,1.6088095230730712,0.009995187929535779,141
28.26999999999996,1.3108716382915588,0.009995187929535779,451
-5.6,1.0661787605771782,0.009995187929535779,141
-7.699999999999997,1.0314285385931004,0.009995187929535779,141
-17.000000000000004,2.256532911237673,0.009995187929535779,141
-17.280000000000005,1.0417076557405762,0.009995187929535779,143
-11.399999999999997,1.548079825726384,0.009995187929535779,141
-10.589999999999998,1.1184781807094393,0.009995187929535779,142
-1.2799999999999976,0.9898348668821497,0.009995187929535779,153
-5.09,0.9243738563127921,0.009995187929535779,142
-6.279999999999998,1.852264474582422,0.009995187929535779,143
2.879999999999974,1.1671746782570456,0.009995187929535779,240
-3.2000000000000153,1.500970046386017,0.009995187929535779,141
-3.8000000000000096,0.4919517232593915,0.009995187929535779,141
-14.689999999999994,1.4865777752768825,0.009995187929535779,142
7.279999999999941,1.19947224536445,0.009995187929535779,240
6.179999999999982,1.1001141025545484,0.009995187929535779,341
-7.09999999999999,0.9612241385782019,0.009995187929535779,141
-1.4099999999999984,1.3430991445978482,0.009995187929535779,150
17.679999999999914,1.1933349388574603,0.009995187929535779,351
8.479999999999944,0.7168034141883254,0.009995187929535779,240
-12.359999999999992,1.3507982685285456,0.009995187929535779,357
-15.729999999999993,1.0139912312166601,0.009995187929535779,158
0.9999999999999751,1.2056931633471457,0.009995187929535779,242
-2.87999999999999,1.2672603405959957,0.009995187929535779,143
-15.059999999999995,0.9476996594379025,0.009995187929535779,155
-9.849999999999996,1.010491924232816,0.009995187929535779,146
-9.319999999999997,1.1022019109269916,0.009995187929535779,149
-7.3199999999999985,1.400732193467201,0.009995187929535779,149
9.729999999999947,1.154633553686158,0.009995187929535779,447
-8.85,1.2826571006276837,0.009995187929535779,146
-1.340000000000007,1.2232945958140549,0.009995187929535779,157
-4.239999999999994,1.347644295011248,0.009995187929535779,147
0.05999999999997918,1.324167844839394,0.009995187929535779,248
-6.67,1.237706981986374,0.009995187929535779,154
17.060000000000016,1.5748271365565332,0.009995187929535779,440
-3.279999999999995,1.3662572373556936,0.009995187929535779,153
-7.249999999999997,1.2506836953840843,0.009995187929535779,146
-0.42000000000001236,1.4155841687849413,0.009995187929535779,240
1.7699999999999854,1.504404783637252,0.009995187929535779,259
-8.860000000000005,1.189872069087455,0.009995187929535779,246
5.759999999999959,1.0810897753784252,0.009995187929535779,248
-3.4000000000000146,1.3449855669540294,0.009995187929535779,141
-10.100000000000005,1.42908424836524,0.009995187929535779,141
2.1799999999999837,1.246676086679401,0.009995187929535779,149
7.579999999999952,1.2861922176554799,0.009995187929535779,240
4.500000000000007,1.1373592575565596,0.009995187929535779,242
-8.599999999999985,1.3195444475463096,0.009995187929535779,141
-1.83,1.4346340953645458,0.009995187929535779,249
-7.6999999999999975,1.3166416723624612,0.009995187929535779,141
12.590000000000046,0.9631777207303623,0.009995187929535779,352
-9.11999999999999,1.0465857179589428,0.009995187929535779,159
-4.920000000000001,1.350351859142001,0.009995187929535779,260
-6.549999999999997,0.9489280040286583,0.009995187929535779,146
6.559999999999963,1.3307097868668316,0.009995187929535779,349
7.099999999999973,0.8748489623381333,0.009995187929535779,242
-5.42,1.411897718656383,0.009995187929535779,149
29.809999999999796,0.9780516556964548,0.009995187929535779,536
-0.8799999999999972,1.132429282408911,0.009995187929535779,143
-4.570000000000003,1.407496908162203,0.009995187929535779,144
-0.23000000000001108,1.0232046048685506,0.009995187929535779,148
-1.0200000000000298,0.9967801204727341,0.009995187929535779,240
-3.380000000000013,0.8699527632679556,0.009995187929535779,143
-2.1800000000000193,1.1627668186084374,0.009995187929535779,143
-3.100000000000014,0.8000092600201462,0.009995187929535779,141
-2.500000000000001,1.2993449417023075,0.009995187929535779,151
-3.2000000000000295,0.9901873405160736,0.009995187929535779,242
2.5899999999999643,0.8021722907872862,0.009995187929535779,241
2.6199999999999832,1.2361265999766498,0.009995187929535779,143
-12.100000000000001,0.9749089143862409,0.009995187929535779,242
2.3199999999999807,1.466640183246219,0.009995187929535779,143
-4.200000000000008,1.0018084600884865,0.009995187929535779,141
-9.139999999999997,0.8842190295001682,0.009995187929535779,147
-2.4399999999999906,1.2389738805287955,0.009995187929535779,147
-14.330000000000005,0.6727517841736207,0.009995187929535779,148
1.9999999999999716,1.086424154360309,0.009995187929535779,242
6.210000000000022,1.0505066733409765,0.009995187929535779,253
18.979999999999993,0.8686849362492736,0.009995187929535779,341
3.099999999999987,1.0626189573090676,0.009995187929535779,242
16.419999999999998,1.0185966622737939,0.009995187929535779,456
-2.3700000000000045,0.6992068903690035,0.009995187929535779,154
-6.98,1.4111732524279115,0.009995187929535779,143
-1.680000000000021,1.4918617729123655,0.009995187929535779,143
68.70999999999972,0.9939697583165505,0.009995187929535779,920
-6.0,1.4966009107041867,0.009995187929535779,141
31.51999999999986,1.2411072046480365,0.009995187929535779,537
38.97999999999976,1.3069784536436337,0.009995187929535779,543
52.37999999999976,1.3222091220001975,0.009995187929535779,634
22.07999999999992,1.0306705798942848,0.009995187929535779,341
43.419999999999725,0.8864919644619167,0.009995187929535779,537
24.379999999999896,1.2993546463658383,0.009995187929535779,341
-9.879999999999997,1.6283019133876044,0.009995187929535779,143
-11.230000000000008,18.863102402638745,0.009995187929535779,148
-18.03,23.002040094419105,0.009995187929535779,148
-24.069999999999986,23.301308357674216,0.009995187929535779,144
-2.09999999999999,19.108073839237765,0.009995187929535779,252
-28.08999999999995,7.935093036956257,0.009995187929535779,243
-5.370000000000008,17.115375576126908,0.009995187929535779,144
-18.840000000000014,10.815038399711536,0.009995187929535779,157
-25.609999999999996,16.122760852240027,0.009995187929535779,160
-23.73999999999998,15.37700805884258,0.009995187929535779,157
-2.380000000000038,11.198213780039218,0.009995187929535779,739
-15.400000000000006,257.9829113601793,0.009995187929535779,141
-15.9,253.0011932697702,0.009995187929535779,141
-9.280000000000019,250.59080390663414,0.009995187929535779,143
-10.680000000000003,188.49258814324867,0.009995187929535779,143
-30.779999999999976,175.5298163740785,0.009995187929535779,143
-10.780000000000005,218.71008769949,0.009995187929535779,143
-8.380000000000011,209.5097189983288,0.009995187929535779,143
-25.459999999999987,207.4517464276018,0.009995187929535779,145
-12.700000000000001,214.69518434240462,0.009995187929535779,141
-32.87999999999997,79.11480412950048,0.009995187929535779,143
-9.820000000000014,32.86352134644985,0.009995187929535779,240
1.699999999999978,44.904951358137055,0.009995187929535779,242
4.17999999999998,56.8171214421124,0.009995187929535779,341
-10.32000000000001,51.37779091635058,0.009995187929535779,341
-2.100000000000021,62.67050125074725,0.009995187929535779,141
1.079999999999984,41.1746481744425,0.009995187929535779,341
-11.980000000000002,46.396277791136626,0.009995187929535779,143
-4.420000000000009,58.78892025947571,0.009995187929535779,240
5.219999999999974,54.97070106847326,0.009995187929535779,537
-5.880000000000026,34.22747654797601,0.009995187929535779,244
-28.349999999999987,39.057735531246614,0.009995187929535779,257
-19.750000000000014,30.13648475793549,0.009995187929535779,257
-23.169999999999984,28.690719709767922,0.009995187929535779,154
-6.090000000000043,19.05576863437345,0.009995187929535779,546
-11.340000000000003,23.427889497770416,0.009995187929535779,248
-21.729999999999997,29.49869569733336,0.009995187929535779,148
-13.61999999999999,22.72184878662697,0.009995187929535779,159
-6.309999999999995,24.98808995485306,0.009995187929535779,150
-12.13000000000002,25.111687030792236,0.009995187929535779,350
-8.680000000000003,26.897341058145162,0.009995187929535779,153
-5.29,26.73754390838899,0.009995187929535779,152
-26.499999999999936,25.163402863277877,0.009995187929535779,242
-8.670000000000009,20.294403045518056,0.009995187929535779,245
-23.039999999999978,18.16288876153861,0.009995187929535779,157
-11.509999999999996,24.18527887503306,0.009995187929535779,150
-30.87999999999987,22.746131116268682,0.009995187929535779,153
-24.21000000000001,21.18143094868299,0.009995187929535779,251
-25.979999999999986,21.31351564397345,0.009995187929535779,143
0.42999999999998906,17.83822936284749,0.009995187929535779,346
-13.600000000000003,20.51697995223052,0.009995187929535779,141
-5.9799999999999995,51.32183714577409,0.009995187929535779,244
-19.150000000000016,48.206330203461924,0.009995187929535779,348
-15.56000000000001,43.098552904477934,0.009995187929535779,246
-29.059999999999977,38.182810314239994,0.009995187929535779,155
-26.659999999999982,44.22042643151632,0.009995187929535779,246
-4.97999999999999,52.75184358925116,0.009995187929535779,244
-7.92,50.16915915156371,0.009995187929535779,149
-22.189999999999998,35.84084568211907,0.009995187929535779,152
-20.390000000000008,49.55879419414621,0.009995187929535779,152
-8.779999999999998,42.295534482189254,0.009995187929535779,153
-15.41,16.541623644828796,0.009995187929535779,150
-19.030000000000005,14.314417372684222,0.009995187929535779,148
-16.580000000000002,21.29126182719544,0.009995187929535779,143
-7.980000000000002,15.199082233689047,0.009995187929535779,143
-6.959999999999992,15.011109361566346,0.009995187929535779,145
-6.5800000000000045,12.798770248889923,0.009995187929535779,143
-4.739999999999999,19.296836232246996,0.009995187929535779,147
-1.1000000000000227,19.301793719014377,0.009995187929535779,141
-28.89999999999996,18.21974270796973,0.009995187929535779,242
-4.309999999999991,11.077015756766002,0.009995187929535779,150
-3.420000000000023,9.41666310975949,0.009995187929535779,240
-16.2,9.604149822859053,0.009995187929535779,141
-16.400000000000006,7.428909332616954,0.009995187929535779,141
2.3999999999999666,10.124514410318422,0.009995187929535779,242
-12.780000000000001,9.906512468011229,0.009995187929535779,143
-19.780000000000005,8.202601258988148,0.009995187929535779,143
-14.579999999999991,8.637473455259016,0.009995187929535779,143
-7.280000000000006,9.410209675352057,0.009995187929535779,143
-11.500000000000004,11.509590328162444,0.009995187929535779,141
-15.48,6.1033527525811415,0.009995187929535779,153
5.9999999999999645,8.262472120321487,0.009995187929535779,242
20.119999999999898,7.020868477264152,0.009995187929535779,537
23.679999999999914,5.751460557197196,0.009995187929535779,341
-4.90000000000002,7.1394440345774015,0.009995187929535779,242
-1.9000000000000217,5.857881994112163,0.009995187929535779,141
9.059999999999924,7.578458836648316,0.009995187929535779,339
-5.300000000000006,7.799784853948769,0.009995187929535779,141
-17.989999999999995,8.1357467166135,0.009995187929535779,142
-4.590000000000007,6.032687863413717,0.009995187929535779,142
-13.86000000000001,9.735159476719252,0.009995187929535779,246
-10.699999999999989,5.7070928048496405,0.009995187929535779,242
-4.580000000000006,4.121661336688729,0.009995187929535779,143
-8.38,6.548593601146778,0.009995187929535779,143
-8.590000000000007,4.992382030345891,0.009995187929535779,152
-2.0799999999999956,4.116260647356927,0.009995187929535779,143
-16.76,5.425846662636726,0.009995187929535779,155
-16.68000000000001,5.643157707436101,0.009995187929535779,143
-3.3299999999999708,7.247251722113046,0.009995187929535779,259
-23.08,5.02182646210377,0.009995187929535779,143
-14.9,8.77413116504025,0.009995187929535779,151
-9.339999999999996,6.716681471081818,0.009995187929535779,147
-12.980000000000008,8.90644108665573,0.009995187929535779,143
-0.980000000000004,7.308304607868195,0.009995187929535779,143
-19.509999999999994,7.520335869491101,0.009995187929535779,160
-6.480000000000007,7.017518148972438,0.009995187929535779,143
-11.38,6.3420291338767205,0.009995187929535779,143
-4.249999999999999,9.72639233486293,0.009995187929535779,146
-21.919999999999987,10.507975942336472,0.009995187929535779,149
-11.899999999999999,7.999345016817674,0.009995187929535779,141
-4.960000000000012,7.278119659167714,0.009995187929535779,256
-0.14000000000003077,6.512954493273388,0.009995187929535779,440
-13.900000000000002,5.025586161608539,0.009995187929535779,242
5.019999999999971,5.260749952516694,0.009995187929535779,345
29.47999999999994,5.646985132329472,0.009995187929535779,634
20.02000000000007,6.066377029072639,0.009995187929535779,537
-4.880000000000012,6.532522627523729,0.009995187929535779,143
0.2899999999999672,5.736917438348794,0.009995187929535779,241
3.2999999999999776,4.455998592386561,0.009995187929535779,242
-7.679999999999999,6.523276127718545,0.009995187929535779,143
-11.449999999999998,4.646655074333491,0.009995187929535779,146
-23.16999999999998,6.510147184907616,0.009995187929535779,154
-26.44999999999998,5.5664093610246175,0.009995187929535779,247
-22.07999999999999,3.7280467231790504,0.009995187929535779,143
-14.780000000000005,4.4744039090363295,0.009995187929535779,143
-12.870000000000001,5.533583315089345,0.009995187929535779,144
-31.779999999999983,5.337582943739591,0.009995187929535779,143
-18.880000000000003,4.882504416929258,0.009995187929535779,143
-14.180000000000003,4.262623314674084,0.009995187929535779,143
0.17999999999999616,4.718511098515394,0.009995187929535779,442
-11.490000000000002,6.169271148783339,0.009995187929535779,354
19.920000000000066,4.330142116912916,0.009995187929535779,537
-5.8900000000000095,3.729724398103811,0.009995187929535779,354
14.160000000000025,4.856186223639683,0.009995187929535779,440
4.859999999999975,5.155777529965747,0.009995187929535779,440
24.080000000000027,3.952206803844178,0.009995187929535779,634
-3.6099999999999977,5.719144099156062,0.009995187929535779,150
-7.480000000000002,3.8018535871605774,0.009995187929535779,143
0.78000000000009,5.135357883144334,0.009995187929535779,341
12.980000000000029,3.9053561918272957,0.009995187929535779,634
8.979999999999993,5.380969628385785,0.009995187929535779,341
-10.190000000000001,18.643237701604065,0.009995187929535779,142
-4.620000000000019,14.275005843776922,0.009995187929535779,260
-2.440000000000021,12.594340953777369,0.009995187929535779,1107
-10.440000000000008,14.71357193288877,0.009995187929535779,258
-10.290000000000042,13.787971520554889,0.009995187929535779,455
-6.150000000000012,13.502070079053887,0.009995187929535779,257
6.570000000000089,13.380800472221512,0.009995187929535779,552
-0.7800000000000065,15.877973182634873,0.009995187929535779,143
-12.030000000000003,19.94556418023532,0.009995187929535779,158
-10.110000000000005,7.175541237555445,0.009995187929535779,160
0.7999999999999705,7.725885018469795,0.009995187929535779,252
-10.200000000000017,6.611828075233081,0.009995187929535779,141
-2.600000000000019,6.82127643011986,0.009995187929535779,141
-7.580000000000006,10.057753549589144,0.009995187929535779,143
-8.370000000000022,8.580191803949603,0.009995187929535779,356
30.03,7.153426596726456,0.009995187929535779,730
-13.920000000000009,6.9911692299800885,0.009995187929535779,341
-6.600000000000007,7.325624699288226,0.009995187929535779,141
-1.8800000000000008,12.339489292431544,0.009995187929535779,143
-9.02,4.131672861441126,0.009995187929535779,159
11.779999999999948,5.089345694161379,0.009995187929535779,260
-0.2800000000000029,3.4435348594105326,0.009995187929535779,143
11.800000000000065,4.750212040906017,0.009995187929535779,444
-20.879999999999995,5.676994313310076,0.009995187929535779,143
-3.7200000000000006,4.986496786143156,0.009995187929535779,149
31.149999999999828,3.924714295318031,0.009995187929535779,823
-21.939999999999998,4.392948247641752,0.009995187929535779,349
11.709999999999958,4.343023583728276,0.009995187929535779,445
-1.0199999999999978,4.218405294944258,0.009995187929535779,442
-0.4500000000000206,5.667100574139955,0.009995187929535779,257
-10.129999999999994,4.735202755731873,0.009995187929535779,158
-13.960000000000004,5.911181303185801,0.009995187929535779,155
-9.659999999999997,4.855639765724059,0.009995187929535779,155
-15.679999999999996,4.653962657376603,0.009995187929535779,143
-9.060000000000002,4.110910229144558,0.009995187929535779,155
-11.69999999999999,5.156431336910272,0.009995187929535779,242
-9.300000000000002,5.349438753349102,0.009995187929535779,151
-9.779999999999998,4.057146298301803,0.009995187929535779,143
7.9399999999999835,5.321069021351865,0.009995187929535779,357
-10.330000000000004,4.3950283382135105,0.009995187929535779,158
-14.140000000000006,3.7481954087351643,0.009995187929535779,258
-12.720000000000004,4.908663815109985,0.009995187929535779,159
-6.509999999999998,3.457289055176079,0.009995187929535779,160
-3.800000000000029,3.6166981329356345,0.009995187929535779,242
28.4699999999999,3.1878840074591013,0.009995187929535779,552
0.23999999999997357,3.851572292609041,0.009995187929535779,357
-2.330000000000007,3.929566605671032,0.009995187929535779,259
-26.36999999999998,2.9170761336101574,0.009995187929535779,356
-2.0000000000000213,3.4892979002167994,0.009995187929535779,141
-12.459999999999994,3.6775035695754923,0.009995187929535779,256
-9.219999999999988,7.902922609448433,0.009995187929535779,240
-22.800000000000004,7.570897585534035,0.009995187929535779,141
-31.59999999999997,7.215954176923062,0.009995187929535779,141
-7.800000000000002,7.46242466790617,0.009995187929535779,242
-22.2,7.068079962957004,0.009995187929535779,242
-21.569999999999993,7.684912293054619,0.009995187929535779,245
-23.689999999999994,6.696120775843921,0.009995187929535779,152
-26.18999999999993,6.880962870426868,0.009995187929535779,152
-27.199999999999992,6.2921502404179135,0.009995187929535779,141
-4.180000000000004,33.49574855741087,0.009995187929535779,143
-20.959999999999994,26.731428927741945,0.009995187929535779,256
-30.789999999999967,30.61381321204336,0.009995187929535779,152
0.27999999999994785,36.28236554314693,0.009995187929535779,240
-13.580000000000007,21.531708521442813,0.009995187929535779,143
-24.239999999999977,37.67776156003308,0.009995187929535779,157
-11.259999999999998,30.34593448721129,0.009995187929535779,145
-3.090000000000014,27.05742096227441,0.009995187929535779,354
-23.62999999999999,28.300397499498114,0.009995187929535779,249
-20.75999999999999,25.63613484152432,0.009995187929535779,145
-25.919999999999927,13.559569359570741,0.009995187929535779,240
-9.309999999999999,7.196257218122482,0.009995187929535779,150
-11.670000000000012,10.940963610571666,0.009995187929535779,548
-2.480000000000018,9.829070309658984,0.009995187929535779,143
-10.83,9.96610381180727,0.009995187929535779,158
-10.26,11.445976936048076,0.009995187929535779,155
-1.5900000000000087,12.108740830617677,0.009995187929535779,243
-3.0000000000000178,9.885299219307324,0.009995187929535779,141
-16.02000000000002,10.072804101155354,0.009995187929535779,260
-8.730000000000004,10.390011587852165,0.009995187929535779,158
-11.220000000000008,8.018471572759017,0.009995187929535779,159
-9.5,8.110352153612288,0.009995187929535779,151
-9.830000000000004,8.209326422101334,0.009995187929535779,158
-8.18,5.984238288202486,0.009995187929535779,143
11.299999999999986,6.3990119126710026,0.009995187929535779,242
-8.9,8.70456077681472,0.009995187929535779,151
-1.780000000000003,6.192069128051505,0.009995187929535779,143
-3.720000000000004,7.693191448660017,0.009995187929535779,159
-14.499999999999995,6.5270035972461,0.009995187929535779,151
-5.760000000000005,6.065818971972312,0.009995187929535779,155
-5.480000000000007,9.944506269070057,0.009995187929535779,153
-20.599999999999998,12.271454844491702,0.009995187929535779,141
-13.900000000000002,13.129086276740892,0.009995187929535779,141
-14.680000000000003,14.690451077647976,0.009995187929535779,143
-14.879999999999999,18.3844812199786,0.009995187929535779,143
-33.51999999999998,12.990341248859961,0.009995187929535779,240
-13.700000000000001,9.264730945546576,0.009995187929535779,141
-9.199999999999996,16.514831705719022,0.009995187929535779,141
-19.300000000000004,16.09030331407033,0.009995187929535779,141
-7.5,10.119844673093686,0.009995187929535779,242
-20.80000000000001,9.372054460534969,0.009995187929535779,353
-10.15,9.145017486352186,0.009995187929535779,156
-14.059999999999997,8.87802269635722,0.009995187929535779,256
-15.400000000000002,7.504864648723405,0.009995187929535779,242
-18.28,9.047243062432829,0.009995187929535779,143
-14.680000000000003,8.651112894911867,0.009995187929535779,143
-18.08,8.579477371452572,0.009995187929535779,143
-16.870000000000005,9.547642420086206,0.009995187929535779,255
-9.80000000000001,9.43212390241544,0.009995187929535779,242
-6.679999999999997,10.175593998465505,0.009995187929535779,143
-5.599999999999986,7.652111598898556,0.009995187929535779,242
-7.679999999999997,5.421421816299012,0.009995187929535779,143
-4.929999999999995,3.890960610798887,0.009995187929535779,148
0.5199999999999907,3.6144912799338362,0.009995187929535779,143
-7.649999999999995,5.14439123746467,0.009995187929535779,146
-29.799999999999947,5.757984288467848,0.009995187929535779,242
-9.100000000000001,5.209574658269725,0.009995187929535779,242
-9.59999999999999,5.351412999359044,0.009995187929535779,242
-7.38,8.550313451073386,0.009995187929535779,143
-7.1800000000000175,5.3242369332175326,0.009995187929535779,345
-18.300000000000004,4.101736068971886,0.009995187929535779,242
-20.980000000000008,4.8054286472864085,0.009995187929535779,143
-15.879999999999995,4.305080868564286,0.009995187929535779,143
-16.830000000000005,4.100234867274007,0.009995187929535779,158
0.8199999999999878,4.750299578363245,0.009995187929535779,143
-14.30000000000001,4.654551559528768,0.009995187929535779,151
-16.13,4.629052770500247,0.009995187929535779,148
-18.880000000000003,4.513564354056245,0.009995187929535779,143
13.910000000000014,4.958371006038993,0.009995187929535779,344
-11.780000000000005,4.987889944881826,0.009995187929535779,143
-17.08000000000001,5.095051937586778,0.009995187929535779,143
4.94000000000003,7.1914832319752975,0.009995187929535779,347
-14.980000000000004,5.5524919049723165,0.009995187929535779,143
-7.480000000000006,5.722392783298359,0.009995187929535779,143
-17.099999999999987,7.876296453362654,0.009995187929535779,242
-9.880000000000008,4.4763390459380785,0.009995187929535779,143
-1.4300000000000033,6.487989976254209,0.009995187929535779,259
-0.5800000000000178,6.738961270598114,0.009995187929535779,244
-12.499999999999995,6.368231003688386,0.009995187929535779,242
-13.900000000000004,7.738522983149977,0.009995187929535779,151
-7.820000000000002,9.958650006243847,0.009995187929535779,149
-19.949999999999996,6.623827406804856,0.009995187929535779,146
-22.29999999999998,5.806418723927057,0.009995187929535779,242
-19.36999999999999,6.848037487633374,0.009995187929535779,245
-11.48,5.9872119718498285,0.009995187929535779,143
-22.09999999999998,5.757941759568601,0.009995187929535779,242
-30.009999999999966,7.448828940788905,0.009995187929535779,150
-26.559999999999974,6.468096112453841,0.009995187929535779,246
-19.369999999999997,12.028276071920024,0.009995187929535779,154
-30.769999999999968,6.565268121659756,0.009995187929535779,144
-11.16000000000001,5.0519859647018865,0.009995187929535779,741
-21.169999999999995,6.517618151454182,0.009995187929535779,154
-28.149999999999974,6.557906849262042,0.009995187929535779,156
-22.54999999999999,5.892832168210775,0.009995187929535779,156
-29.399999999999977,4.605583397523751,0.009995187929535779,252
-23.759999999999984,4.101009231228982,0.009995187929535779,155
-24.049999999999983,3.7055954470848427,0.009995187929535779,156
-18.250000000000004,3.9145806108911834,0.009995187929535779,156
-23.019999999999982,3.5437405692331447,0.009995187929535779,159
-17.860000000000003,4.33928400816456,0.009995187929535779,155
-34.93999999999991,5.921987293288112,0.009995187929535779,440
-17.869999999999997,3.7538298800879835,0.009995187929535779,255
-19.1,4.171694871068986,0.009995187929535779,242
-10.580000000000004,3.9132386104210273,0.009995187929535779,143
-33.31999999999995,2.733628055115916,0.009995187929535779,159
-21.65999999999999,4.165415456410377,0.009995187929535779,155
-16.210000000000004,3.2961417640559376,0.009995187929535779,160
-22.399999999999984,3.9401004226986043,0.009995187929535779,242
-23.359999999999985,4.069375330756884,0.009995187929535779,256
-15.850000000000001,4.011593400285794,0.009995187929535779,156
-7.749999999999997,4.418000021275379,0.009995187929535779,257
-24.62999999999998,4.099135572960939,0.009995187929535779,259
-20.259999999999998,5.720928369983425,0.009995187929535779,246
-17.950000000000003,4.639813423538819,0.009995187929535779,156
-19.779999999999994,4.64060244957606,0.009995187929535779,153
-16.83,5.747361005295681,0.009995187929535779,158
-13.580000000000005,3.824909816964779,0.009995187929535779,153
-17.800000000000004,4.840821838438116,0.009995187929535779,151
-12.27999999999999,3.9503764806230084,0.009995187929535779,153
-16.1,4.123283632407504,0.009995187929535779,242
-17.990000000000002,11.632625221617912,0.009995187929535779,152
-14.780000000000006,8.269361403389055,0.009995187929535779,244
-14.980000000000004,8.458164434749763,0.009995187929535779,143
-19.359999999999992,8.968741988724675,0.009995187929535779,145
-19.57999999999999,8.609896604142158,0.009995187929535779,153
-6.859999999999999,10.209616661071777,0.009995187929535779,145
-17.980000000000004,8.57379507893449,0.009995187929535779,143
-17.88,7.840646624356717,0.009995187929535779,143
-9.38,14.06222107943955,0.009995187929535779,143
-14.399999999999991,9.282090493962784,0.009995187929535779,242
-1.4500000000000135,8.237712877617735,0.009995187929535779,257
-17.240000000000006,5.899648817481508,0.009995187929535779,157
-2.4900000000000126,6.599586177072506,0.009995187929535779,253
-10.620000000000003,4.561657707739926,0.009995187929535779,159
-12.840000000000002,5.644575474748186,0.009995187929535779,157
-7.469999999999999,4.798005141731766,0.009995187929535779,144
-12.16,5.030489507214776,0.009995187929535779,145
-2.150000000000004,5.120325332226819,0.009995187929535779,146
-11.640000000000002,6.192280723410807,0.009995187929535779,157
-2.2800000000000002,4.754805981724158,0.009995187929535779,345
-12.55,4.170410281190505,0.009995187929535779,156
-7.49,3.211473636329174,0.009995187929535779,152
-12.560000000000002,2.4632248785226576,0.009995187929535779,155
-7.680000000000004,2.5592018203301863,0.009995187929535779,143
-9.580000000000002,2.813338965646454,0.009995187929535779,143
-4.160000000000002,2.9484801000562206,0.009995187929535779,145
-9.829999999999993,2.4337424139338957,0.009995187929535779,158
-13.850000000000001,2.781456548975755,0.009995187929535779,146
-19.479999999999997,3.34121653530138,0.009995187929535779,153
-1.4799999999999986,2.728290531497735,0.009995187929535779,143
-12.400000000000004,2.6209119429059378,0.009995187929535779,151
-7.680000000000004,2.535104096561045,0.009995187929535779,143
-5.4799999999999915,3.261652448377409,0.009995187929535779,143
-17.42,3.2334059146965073,0.009995187929535779,159
-6.969999999999992,2.30355067265277,0.009995187929535779,245
-10.310000000000002,1.9824084107081095,0.009995187929535779,150
-15.52999999999999,2.197574898391124,0.009995187929535779,249
-7.990000000000006,2.263057280233816,0.009995187929535779,152
-8.079999999999997,2.842853803005252,0.009995187929535779,143
-8.680000000000001,2.9608019665404632,0.009995187929535779,143
-18.020000000000003,5.871222588339908,0.009995187929535779,149
-13.260000000000005,6.548127566534897,0.009995187929535779,145
-27.59999999999998,9.137329490648376,0.009995187929535779,252
-36.70999999999991,5.723577880823755,0.009995187929535779,251
-14.020000000000007,7.735929540634155,0.009995187929535779,250
5.00999999999997,8.325470791826415,0.009995187929535779,344
-2.0900000000000016,7.5138125231091895,0.009995187929535779,445
2.3100000000000556,8.814237684747853,0.009995187929535779,344
0.719999999999974,8.512047939491076,0.009995187929535779,244
-16.17,8.491916143758731,0.009995187929535779,154
-8.599999999999998,7.834914482784587,0.009995187929535779,151
-14.460000000000004,8.416405374017256,0.009995187929535779,145
-15.3,7.460663750669025,0.009995187929535779,151
4.899999999999984,5.528369009864232,0.009995187929535779,242
0.13999999999997748,7.57974187805643,0.009995187929535779,246
-4.8700000000000125,8.567075713313356,0.009995187929535779,245
-0.4700000000000202,6.311790782764468,0.009995187929535779,346
-4.130000000000011,9.512008366988429,0.009995187929535779,158
-16.930000000000007,9.124164044857025,0.009995187929535779,148
-7.979999999999998,9.486145084971314,0.009995187929535779,143
-11.28,5.1988388540653085,0.009995187929535779,143
-17.119999999999997,3.121414108096429,0.009995187929535779,159
-4.749999999999996,3.3599367629583567,0.009995187929535779,146
2.0299999999999745,2.8931035143380264,0.009995187929535779,245
11.799999999999994,3.5991496898168727,0.009995187929535779,343
-11.409999999999997,4.952246458331744,0.009995187929535779,150
-5.5199999999999925,2.3298137861510253,0.009995187929535779,149
13.829999999999941,3.180508076929288,0.009995187929535779,346
-21.959999999999987,3.4962659388299913,0.009995187929535779,155
-10.410000000000004,3.6883429313699403,0.009995187929535779,150
-8.399999999999995,4.386817347134976,0.009995187929535779,151
-7.979999999999998,2.2982241492588202,0.009995187929535779,143
-15.380000000000006,2.525189153068549,0.009995187929535779,143
-14.570000000000006,3.782811702168607,0.009995187929535779,154
-13.219999999999995,3.6615138453132703,0.009995187929535779,159
4.719999999999979,3.1888092752607142,0.009995187929535779,244
-6.1800000000000095,3.900592447160841,0.009995187929535779,143
-13.780000000000001,3.191786160627445,0.009995187929535779,143
-9.599999999999996,2.8484242536312294,0.009995187929535779,242
-14.059999999999999,4.140478520968864,0.009995187929535779,145
-4.420000000000004,4.840146121645124,0.009995187929535779,159
-9.829999999999997,2.754058684952356,0.009995187929535779,148
-10.879999999999999,4.685639070255773,0.009995187929535779,143
-4.7899999999999965,6.043565684047184,0.009995187929535779,152
-12.280000000000006,4.366172860552381,0.009995187929535779,143
-14.879999999999999,5.3401966395078,0.009995187929535779,143
-12.780000000000005,4.830912090681649,0.009995187929535779,143
-7.180000000000001,5.712635266529003,0.009995187929535779,355
-12.450000000000006,5.331299824974476,0.009995187929535779,156
-0.6500000000000021,3.6771153268748766,0.009995187929535779,146
-7.150000000000007,3.5602239175916535,0.009995187929535779,146
-7.320000000000006,4.11997578204053,0.009995187929535779,159
7.600000000000001,2.7488205749245864,0.009995187929535779,252
-13.610000000000008,2.657145191927751,0.009995187929535779,150
-5.579999999999989,2.666907677075246,0.009995187929535779,143
-12.650000000000004,2.801554719511515,0.009995187929535779,156
20.52999999999993,2.8489102614872674,0.009995187929535779,447
-15.110000000000001,3.082550687797041,0.009995187929535779,251
-8.960000000000004,3.177340283784373,0.009995187929535779,145
-16.57,2.900174720129188,0.009995187929535779,245
-6.030000000000011,4.189453336083003,0.009995187929535779,148
-7.099999999999997,5.093655218257972,0.009995187929535779,141
-6.280000000000008,4.011571945739793,0.009995187929535779,143
-11.500000000000007,3.6631558608290153,0.009995187929535779,141
-7.899999999999995,6.2338046382927725,0.009995187929535779,141
-10.399999999999999,3.8254957412574306,0.009995187929535779,141
-15.100000000000001,5.179187102943447,0.009995187929535779,141
-16.980000000000004,3.4771607699510936,0.009995187929535779,143
-14.400000000000002,6.223299958710129,0.009995187929535779,141
-15.48,6.210324103807236,0.009995187929535779,143
-9.510000000000003,4.787122323016326,0.009995187929535779,150
-27.32999999999998,2.375443304907605,0.009995187929535779,249
3.1199999999999815,2.1042522992287482,0.009995187929535779,143
24.379999999999924,2.890389789138799,0.009995187929535779,644
-8.430000000000001,1.8976873730787553,0.009995187929535779,148
-11.31,2.5902177685499193,0.009995187929535779,150
-20.48,2.365365158636253,0.009995187929535779,143
2.069999999999977,2.533373007348862,0.009995187929535779,249
-15.260000000000005,2.1286443999506592,0.009995187929535779,246
3.8599999999999657,2.3570495538653864,0.009995187929535779,248
-8.43000000000001,3.786112209805582,0.009995187929535779,158
-7.0800000000000045,2.056673939203049,0.009995187929535779,143
-10.670000000000005,2.260167950609078,0.009995187929535779,144
-9.680000000000005,3.194226622633584,0.009995187929535779,143
-15.77000000000001,3.074604202602424,0.009995187929535779,255
-7.58,2.8766381989617447,0.009995187929535779,143
3.5299999999999727,2.7565063232670024,0.009995187929535779,245
-0.6800000000000068,2.713661436851208,0.009995187929535779,143
-18.240000000000002,2.657544308219307,0.009995187929535779,258
-17.960000000000008,2.3734874618126125,0.009995187929535779,246
-17.680000000000003,2.604013043214808,0.009995187929535779,143
-15.680000000000003,1.6382595889426612,0.009995187929535779,143
-10.76,2.6804726249185102,0.009995187929535779,145
-18.980000000000008,2.6256621570645513,0.009995187929535779,143
8.20000000000006,3.497287682114958,0.009995187929535779,444
-17.15999999999999,2.344319064563852,0.009995187929535779,246
-11.0,2.630844314236286,0.009995187929535779,242
-12.98,3.4489617883846475,0.009995187929535779,143
-3.8000000000000043,3.3086976564631163,0.009995187929535779,151
21.75999999999999,2.815556198747998,0.009995187929535779,440
-8.400000000000006,3.3797878583535454,0.009995187929535779,151
-10.959999999999999,2.835350254851003,0.009995187929535779,155
-10.580000000000009,2.603792165521703,0.009995187929535779,153
-20.07,2.5774859377924275,0.009995187929535779,245
-16.150000000000006,3.3246634901590544,0.009995187929535779,146
9.330000000000066,2.9126709883978434,0.009995187929535779,447
29.519999999999975,3.0309668199659523,0.009995187929535779,739
-21.280000000000005,3.514432461528511,0.009995187929535779,143
-0.4800000000000164,3.5386973947408746,0.009995187929535779,244
-2.750000000000008,2.6064487949677324,0.009995187929535779,247
-5.830000000000005,3.0653116927258197,0.009995187929535779,158
-17.880000000000013,2.451826831364965,0.009995187929535779,143
-16.379999999999995,2.376584531335564,0.009995187929535779,143
3.090000000000007,1.9810399216487695,0.009995187929535779,241
-4.129999999999995,2.4919263796432864,0.009995187929535779,158
-2.1199999999999886,1.6457619547094189,0.009995187929535779,159
-8.680000000000003,3.053940414288244,0.009995187929535779,143
-17.480000000000008,3.4905318876767493,0.009995187929535779,143
-8.690000000000003,2.8106101360172033,0.009995187929535779,152
-12.120000000000005,2.734300430804491,0.009995187929535779,250
4.759999999999971,1.5315481412704963,0.009995187929535779,157
-9.48000000000001,2.2437083303303154,0.009995187929535779,143
6.2100000000000435,1.980808129556212,0.009995187929535779,253
-24.28000000000001,1.7572513250308437,0.009995187929535779,143
-9.010000000000002,3.726765899807215,0.009995187929535779,150
-17.92,3.6052973667447197,0.009995187929535779,149
-12.900000000000004,2.504862663540857,0.009995187929535779,141
35.55999999999975,2.0646643467977395,0.009995187929535779,541
-9.020000000000007,2.2403516865490625,0.009995187929535779,240
-12.280000000000001,2.478370930504549,0.009995187929535779,143
-9.879999999999994,1.8385503983997797,0.009995187929535779,143
8.529999999999987,2.387867560344083,0.009995187929535779,245
-9.300000000000002,2.211737359349696,0.009995187929535779,151
-1.7200000000000042,2.7483959227987804,0.009995187929535779,159
-15.300000000000002,2.1907465574694864,0.009995187929535779,141
-15.379999999999995,2.4251615438948977,0.009995187929535779,143
-24.200000000000006,1.8051498504503378,0.009995187929535779,252
-13.48,1.6809134838151765,0.009995187929535779,143
-16.349999999999994,1.990250658100614,0.009995187929535779,156
-22.9,2.3938059109486334,0.009995187929535779,242
-14.919999999999995,2.1600667846078676,0.009995187929535779,240
-23.339999999999996,2.243791384533757,0.009995187929535779,147
-11.430000000000003,1.726304230999343,0.009995187929535779,158
-18.200000000000017,1.9200861113713987,0.009995187929535779,141
8.939999999999955,1.9439912094021565,0.009995187929535779,256
-8.030000000000005,2.881897584409327,0.009995187929535779,148
-13.099999999999998,2.2361263923928245,0.009995187929535779,141
14.130000000000035,2.718924891664071,0.009995187929535779,356
-17.58000000000001,2.90003322236813,0.009995187929535779,143
-2.0799999999999947,2.04726743057266,0.009995187929535779,143
30.35999999999985,1.9777580667287111,0.009995187929535779,450
7.380000000000003,1.8251656677104162,0.009995187929535779,341
3.179999999999975,1.2958846835341926,0.009995187929535779,240
-11.080000000000013,1.2765214708145265,0.009995187929535779,143
-8.180000000000003,1.7532204278855474,0.009995187929535779,143
-9.880000000000003,1.414875838879522,0.009995187929535779,143
13.579999999999995,1.3657107434708002,0.009995187929535779,341
7.239999999999977,1.0979261319007492,0.009995187929535779,256
1.7399999999999878,1.8716415158588364,0.009995187929535779,347
3.2299999999999702,1.2304385704298815,0.009995187929535779,255
-7.480000000000006,1.6308515702367767,0.009995187929535779,143
1.5999999999999766,1.2521014873800445,0.009995187929535779,242
-17.05,1.707828732606038,0.009995187929535779,257
-18.37000000000001,1.8886892982168246,0.009995187929535779,437
-9.350000000000001,2.3189104096326107,0.009995187929535779,146
5.37999999999996,1.348610271347408,0.009995187929535779,341
-14.72,2.005875078464548,0.009995187929535779,240
-4.579999999999992,2.2021769370128226,0.009995187929535779,143
-3.6599999999999984,1.8618667580701154,0.009995187929535779,145
-10.040000000000003,2.649352494956685,0.009995187929535779,147
